  -6690679.6875000000     
  -6194466.3085937500     
  -8741718.7500000000     
  -9902431.6406250000     
  -7669520.5078125000     
  -6489005.8593750000     
  -8720350.5859375000     
  -7177232.4218750000     
  -13225245.117187500     
  -14322336.914062500     
  -8925954.1015625000     
  -5271007.8125000000     
  -3294985.8398437500     
  -4321781.7382812500     
  -7918690.9179687500     
  -6262401.8554687500     
  -7563539.5507812500     
  -3780107.6660156250     
  -10283439.453125000     
  -13748906.250000000     
  -2435113.2812500000     
  -2268630.3710937500     
  -733861.20605468750     
  -4983454.1015625000     
  -2447178.7109375000     
  -2687551.7578125000     
  -3856992.1875000000     
  -5133896.4843750000     
  -7005518.5546875000     
  -7656603.0273437500     
   3675958.2519531250     
   911991.63818359375     
  -3096477.5390625000     
   1183793.7011718750     
  -3061709.2285156250     
  -3837840.8203125000     
  -5926403.8085937500     
  -6010581.5429687500     
  -7030656.2500000000     
  -12691644.531250000     
  -873256.46972656250     
  -1858056.2744140625     
  -533509.46044921875     
  -1726535.2783203125     
  -4064898.4375000000     
  -645957.39746093750     
  -6834287.1093750000     
  -3471431.8847656250     
  -9051791.0156250000     
  -8796205.0781250000     
  -7590284.6679687500     
   81456.809997558594     
  -1246661.1328125000     
  -2998597.1679687500     
   1418845.2148437500     
  -621586.12060546875     
  -3751688.4765625000     
  -4815418.9453125000     
  -5432360.8398437500     
  -8206877.9296875000     
  -2159013.4277343750     
   46775.012969970703     
  -339603.05786132812     
  -2477696.2890625000     
  -874573.48632812500     
  -1125013.3056640625     
  -3441540.7714843750     
  -4937993.6523437500     
  -3228995.8496093750     
  -10357103.515625000     
  -1765455.6884765625     
  -1137978.6376953125     
   884659.72900390625     
   554664.85595703125     
  -4958035.6445312500     
  -1601404.4189453125     
  -6866865.7226562500     
  -3093319.0917968750     
  -8398698.2421875000     
  -10350082.031250000     
  -877013.30566406250     
   5773508.7890625000     
  -3500532.2265625000     
  -2647427.9785156250     
  -371194.94628906250     
  -838044.79980468750     
  -5150574.7070312500     
  -5906338.8671875000     
  -6269007.3242187500     
  -7997683.5937500000     
  -4432260.7421875000     
  -677887.75634765625     
  -3322780.5175781250     
  -376471.55761718750     
  -1721397.5830078125     
  -2805371.3378906250     
  -68982.894897460938     
  -2710095.9472656250     
  -9776566.4062500000     
  -8423742.1875000000     
   2085440.6738281250     
  -3870227.7832031250     
  -853835.14404296875     
   582700.13427734375     
   1218996.5820312500     
  -3163750.7324218750     
  -2119155.5175781250     
  -6123571.7773437500     
  -7571380.3710937500     
  -8768436.5234375000     
   110336.06719970703     
   1034114.1357421875     
  -1406980.9570312500     
  -3621875.0000000000     
  -722672.54638671875     
  -4977594.7265625000     
  -2432090.8203125000     
  -4628556.1523437500     
  -5023854.9804687500     
  -11138417.968750000     
  -1962795.0439453125     
  -1369053.7109375000     
   528548.33984375000     
   625098.32763671875     
  -415084.35058593750     
  -2347063.9648437500     
  -1596179.1992187500     
  -5655677.2460937500     
  -6683674.3164062500     
  -9703615.2343750000     
  -2753432.3730468750     
   1231044.3115234375     
  -1505771.2402343750     
   3935.0290298461914     
  -2017368.6523437500     
  -1547862.0605468750     
  -4581236.3281250000     
  -3917922.8515625000     
  -7057408.6914062500     
  -11642254.882812500     
  -283659.88159179688     
  -842756.40869140625     
   192880.52368164062     
  -2436543.7011718750     
  -2972085.2050781250     
  -1162055.4199218750     
  -4155923.8281250000     
  -3474831.5429687500     
  -5017011.7187500000     
  -9646356.4453125000     
   1493620.2392578125     
  -3574364.5019531250     
  -3165354.7363281250     
  -3028793.7011718750     
   1483005.3710937500     
  -2679320.0683593750     
  -29534.835815429688     
  -2882202.6367187500     
  -6979454.1015625000     
  -10040581.054687500     
  -7789403.3203125000     
  -1499969.9707031250     
   4952585.9375000000     
   1245431.6406250000     
  -1688553.7109375000     
  -3253786.1328125000     
  -2772946.2890625000     
  -3184300.7812500000     
  -7580808.1054687500     
  -9775594.7265625000     
  -1963407.4707031250     
   2383607.6660156250     
  -2296199.9511718750     
   2359871.3378906250     
  -4475240.7226562500     
  -1377313.8427734375     
  -1367246.7041015625     
  -5952326.6601562500     
  -5701103.5156250000     
  -10264302.734375000     
  -2160992.6757812500     
  -2158909.4238281250     
  -2453404.5410156250     
   1287862.1826171875     
  -1172358.7646484375     
  -2158675.0488281250     
  -2483389.4042968750     
  -6616179.6875000000     
  -9676252.9296875000     
  -11013027.343750000     
  -5420062.0117187500     
   1132272.4609375000     
  -1703691.4062500000     
  -38388.877868652344     
  -3235548.3398437500     
  -1332446.0449218750     
  -2074696.2890625000     
  -6985979.0039062500     
  -8305466.7968750000     
  -8449103.5156250000     
   2086058.5937500000     
  -1270018.4326171875     
  -873253.11279296875     
  -2097628.4179687500     
  -3191723.8769531250     
  -1709036.0107421875     
  -5332984.8632812500     
  -3654154.5410156250     
  -8433593.7500000000     
  -8494655.2734375000     
   2086263.4277343750     
   967822.20458984375     
   2977533.9355468750     
  -672951.41601562500     
  -898365.53955078125     
  -4088371.3378906250     
  -3768288.5742187500     
  -5083849.6093750000     
  -7394660.6445312500     
  -8631371.0937500000     
  -1765600.3417968750     
  -940688.29345703125     
  -300564.27001953125     
  -37706.043243408203     
  -3685117.9199218750     
  -1771828.4912109375     
  -2043870.1171875000     
  -4226311.0351562500     
  -8006623.0468750000     
  -11142658.203125000     
  -1961807.1289062500     
  -1006344.2382812500     
   194221.83227539062     
   823867.73681640625     
  -1029120.1171875000     
  -4294135.2539062500     
  -3781831.7871093750     
  -2966884.7656250000     
  -6003565.9179687500     
  -8596065.4296875000     
   7025100.5859375000     
   147010.45227050781     
  -219955.56640625000     
  -3986027.8320312500     
  -1390101.9287109375     
  -2183314.9414062500     
  -2194947.2656250000     
  -6219683.1054687500     
  -7961224.6093750000     
  -10195473.632812500     
  -6402590.3320312500     
  -80895.324707031250     
  -1185362.4267578125     
   868557.86132812500     
  -3264793.2128906250     
  -664626.09863281250     
  -1653702.5146484375     
  -4131718.2617187500     
  -7608631.3476562500     
  -9924964.8437500000     
   8316913.0859375000     
  -2841073.2421875000     
  -2384528.5644531250     
  -481624.11499023438     
  -4807021.4843750000     
  -2204373.5351562500     
  -5926219.2382812500     
  -6365375.0000000000     
  -4698845.2148437500     
  -9277028.3203125000     
   1810679.9316406250     
  -3389617.6757812500     
  -2313182.6171875000     
  -2162935.5468750000     
  -4884870.1171875000     
  -3065756.8359375000     
  -1804654.0527343750     
  -5792727.5390625000     
  -6562375.9765625000     
  -8612091.7968750000     
  -5662945.3125000000     
  -5108495.6054687500     
  -6293652.8320312500     
  -4123208.4960937500     
  -5231774.9023437500     
  -8158945.3125000000     
  -6647947.2656250000     
  -7464717.2851562500     
  -10090720.703125000     
  -10520422.851562500     
  -13579746.093750000     
  -7266595.7031250000     
  -9663794.9218750000     
  -6875077.6367187500     
  -8069193.8476562500     
  -9239509.7656250000     
  -11203274.414062500     
  -9355559.5703125000     
  -11601366.210937500     
  -14996908.203125000     
